1   22280833 
2   11134208 
3   11722595 
4   11338291 
5   12394982 
6   27121889 
7   11481521 
8   10743574 
9   10230696 
10  10888152 
11  11833202 
12  24053839 
13  41576350 
14  47821421 
15  27017075 
16  11007502 
17  22812889 
18  10950759 
19  45819578 
20  10817125 
21  12593988 
22  44262860 
23  23409636 
24  29974050 
25  11244112 
26  11709262 
27  10824801 
28  23845550 
29  11634455 
30  10980284 
31  26216953 
32  10813152 
33  11420560 
34  25064971 
35  11457983 
36  10947412 
37  22446857 
38  47651256 
39  10280873 
40  12533765 
41  21943608 
42  12839138 
43  23008655 
44  12040001 
45  10449451 
46  25751510 
47  23469308 
48  10671868 
49  25627749 
50  25533199 
51  22740888 
52  12712817 
53  10557878 
54  20950103 
55  12174713 
56  29123909 
57  29841904 
58  11131120 
59  12471919 
60  12619667 
61  25202543 
62  11236654 
63  12249223 
64  11959982 
65  47056847 
66  42221380 
67  12742840 
68  11658233 
69  11594866 
70  10198592 
71  24157363 
72  29694354 
73  20086468 
74  11243046 
75  12841732 
76  21875754 
77  27371539 
78  11785412 
79  12099387 
80  10183052 
81  11770963 
82  27431412 
83  12346833 
84  12337014 
85  10972804 
86  21303411 
87  11409631 
88  10356002 
89  26536911 
90  10122282 
91  44177334 
92  11103663 
93  47204087 
94  11925827 
95  10395512 
96  22504904 
97  28931211 
98  11851626 
99  12063754 
100 11573072 
101 28633635 
102 46194716 
103 12867165 
104 12314041 
105 10305882 
106 10193302 
107 12073990 
108 10168689 
109 27808501 
110 24282599 
111 45194887 
112 21967715 
113 28744542 
114 10306551 
115 29288446 
116 12069003 
117 12832574 
118 10854180 
119 23128286 
120 12899589 
121 11585596 
122 10945467 
123 11551487 
124 11961510 
125 12066039 
126 26184090 
127 41149048 
128 10466158 
129 11402024 
130 10773593 
131 11029261 
132 40471568 
133 40956818 
134 11895699 
135 12645946 
136 11440563 
137 42008105 
138 12299307 
139 41724130 
140 12263842 
141 28024418 
142 10883286 
143 12069158 
144 22914390 
145 12709907 
146 10939400 
147 27877031 
148 10343894 
149 11786845 
150 28699480 
151 46045360 
152 28540655 
153 21283707 
154 23658322 
155 11047794 
156 49107075 
157 11068316 
158 10266247 
159 11316339 
160 10985088 
161 22242602 
162 27804448 
163 10945095 
164 28797537 
165 11508325 
166 11658969 
167 23925105 
168 12169144 
169 40239689 
170 11367983 
171 10711973 
172 22820681 
173 29035877 
174 22364606 
175 11496244 
176 10998849 
177 10253465 
178 25205750 
179 10399650 
180 11758290 
181 10689678 
182 11710791 
183 10143412 
184 11484627 
185 12561511 
186 23414597 
187 11200238 
188 10272840 
189 24789121 
190 12003534 
191 25027252 
192 12735467 
193 10942562 
194 10099511 
195 42447925 
196 23541604 
197 11963498 
198 12116892 
199 11539664 
200 11430202 
201 11287285 
202 45232054 
203 45763064 
204 12324214 
205 48209725 
206 12177709 
207 10895199 
208 25201550 
209 46035671 
210 11356116 
211 11207464 
212 10585316 
213 10548749 
214 48083975 
215 20863882 
216 12794288 
217 11577109 
218 10116131 
219 10799603 
220 10649654 
221 40613950 
222 40980031 
223 11448106 
224 28892322 
225 24677183 
226 47269146 
227 11133250 
228 49683335 
229 11409811 
230 43406365 
231 28664580 
232 11798654 
233 49789703 
234 28285590 
235 28121330 
236 27340035 
237 10027336 
238 10311553 
239 12084941 
240 41878782 
241 12756002 
242 21342219 
243 10430250 
244 12606649 
245 12024529 
246 10798422 
247 11340997 
248 47465976 
249 11215311 
250 11550116 
251 10170107 
252 10108442 
253 49673506 
254 12292406 
255 10270173 
256 24040941 
